10,216
10,212
10,124
10,298
10,310
10,24
10,150
10,254
11,24
11,25
8,9
8,13
8,12
8,7
8,14
8,2
8,3
50,4
50,3
50,2
50,1
50,0
48,4
48,3
48,2
48,1
48,0
46,3
46,2
46,1
46,0
24,3
24,1
20,3
20,2
20,1
19,3
19,2
19,1
18,3
18,1
14,3
14,1
13,3
13,1
12,3
12,2
12,1
11,30
11,29
11,27
11,26
11,19
11,18
11,17
11,16
11,15
11,14
11,13
11,10
11,9
11,8
11,7
11,6
11,5
11,4
11,3
11,2
11,1
10,304
10,287
10,280
10,266
10,262
10,253
10,251
10,247
10,246
10,245
10,242
10,235
10,229
10,218
10,205
10,201
10,196
10,184
10,176
10,173
10,162
10,160
10,159
10,157
10,129
10,120
10,116
10,102
10,100
10,94
10,76
10,66
10,28
10,27
10,20
10,13
10,9
10,3
10,2
10,1
